
A = [4 2 15 5 47 15 16; 28 70 26 2 85 3 5; 35 51 62 53 12 7 8;36 11 21 15 1 35 71;35 72 18 63 15 35 12;21 3 11 25 36 75 86]

A(:,:,2) = [15 18 19 12 7 3 15; 13 73 7 35 38 1 72;1 2 5 19 20 12 16; 16 7 4 2 73 15 17; 5 3 3 13 2 68 11; 7 19 23 18 19 15 17]

A(:,:,3) = [59 23 43 11 35 9 10; 5 28 25 120 73 11 12; 37 48 12 44 12 255 14; 13 15 16 23 21 12 17; 73 168 1 2 3 16 19;19 18 3 73 21 13 14]

A(:,:,4) = [14 2 35 115 17 15 17;17 73 43 13 18 16 19;29 31 52 37 19 17 21; 13 35 71 13 180 35 254; 35 73 12 72 11 25 84; 65 35 12 35 12 37 15]